[[4.9, 3.0, 1.4, 0.2], [4.7, 3.2, 1.3, 0.2], [4.6, 3.1, 1.5, 0.2], [5.0, 3.6, 1.4, 0.2], [5.4, 3.9, 1.7, 0.4], [4.6, 3.4, 1.4, 0.3], [5.0, 3.4, 1.5, 0.2], [4.4, 2.9, 1.4, 0.2], [4.9, 3.1, 1.5, 0.1], [5.4, 3.7, 1.5, 0.2], [4.8, 3.4, 1.6, 0.2], [4.8, 3.0, 1.4, 0.1], [4.3, 3.0, 1.1, 0.1], [5.8, 4.0, 1.2, 0.2], [5.7, 4.4, 1.5, 0.4], [5.4, 3.9, 1.3, 0.4], [5.1, 3.5, 1.4, 0.3], [5.7, 3.8, 1.7, 0.3], [5.1, 3.8, 1.5, 0.3], [5.4, 3.4, 1.7, 0.2], [5.1, 3.7, 1.5, 0.4], [4.6, 3.6, 1.0, 0.2], [5.1, 3.3, 1.7, 0.5], [4.8, 3.4, 1.9, 0.2], [5.0, 3.0, 1.6, 0.2], [5.0, 3.4, 1.6, 0.4], [5.2, 3.5, 1.5, 0.2], [5.2, 3.4, 1.4, 0.2], [4.7, 3.2, 1.6, 0.2], [4.8, 3.1, 1.6, 0.2], [5.4, 3.4, 1.5, 0.4], [5.2, 4.1, 1.5, 0.1], [5.5, 4.2, 1.4, 0.2], [4.9, 3.1, 1.5, 0.2], [5.0, 3.2, 1.2, 0.2], [5.5, 3.5, 1.3, 0.2], [4.9, 3.6, 1.4, 0.1], [4.4, 3.0, 1.3, 0.2], [5.1, 3.4, 1.5, 0.2], [5.0, 3.5, 1.3, 0.3], [4.5, 2.3, 1.3, 0.3], [4.4, 3.2, 1.3, 0.2], [5.0, 3.5, 1.6, 0.6], [5.1, 3.8, 1.9, 0.4], [4.8, 3.0, 1.4, 0.3], [5.1, 3.8, 1.6, 0.2], [4.6, 3.2, 1.4, 0.2], [5.3, 3.7, 1.5, 0.2], [5.0, 3.3, 1.4, 0.2], [7.0, 3.2, 4.7, 1.4], [6.4, 3.2, 4.5, 1.5], [6.9, 3.1, 4.9, 1.5], [5.5, 2.3, 4.0, 1.3], [6.5, 2.8, 4.6, 1.5], [5.7, 2.8, 4.5, 1.3], [6.3, 3.3, 4.7, 1.6], [4.9, 2.4, 3.3, 1.0], [6.6, 2.9, 4.6, 1.3], [5.2, 2.7, 3.9, 1.4], [5.0, 2.0, 3.5, 1.0], [5.9, 3.0, 4.2, 1.5], [6.0, 2.2, 4.0, 1.0], [6.1, 2.9, 4.7, 1.4], [5.6, 2.9, 3.6, 1.3], [6.7, 3.1, 4.4, 1.4], [5.6, 3.0, 4.5, 1.5], [5.8, 2.7, 4.1, 1.0], [6.2, 2.2, 4.5, 1.5], [5.6, 2.5, 3.9, 1.1], [5.9, 3.2, 4.8, 1.8], [6.1, 2.8, 4.0, 1.3], [6.3, 2.5, 4.9, 1.5], [6.1, 2.8, 4.7, 1.2], [6.4, 2.9, 4.3, 1.3], [6.6, 3.0, 4.4, 1.4], [6.8, 2.8, 4.8, 1.4], [6.7, 3.0, 5.0, 1.7], [6.0, 2.9, 4.5, 1.5], [5.7, 2.6, 3.5, 1.0], [5.5, 2.4, 3.8, 1.1], [5.5, 2.4, 3.7, 1.0], [5.8, 2.7, 3.9, 1.2], [6.0, 2.7, 5.1, 1.6], [5.4, 3.0, 4.5, 1.5], [6.0, 3.4, 4.5, 1.6], [6.7, 3.1, 4.7, 1.5], [6.3, 2.3, 4.4, 1.3], [5.6, 3.0, 4.1, 1.3], [5.5, 2.5, 4.0, 1.3], [5.5, 2.6, 4.4, 1.2], [6.1, 3.0, 4.6, 1.4], [5.8, 2.6, 4.0, 1.2], [5.0, 2.3, 3.3, 1.0], [5.6, 2.7, 4.2, 1.3], [5.7, 3.0, 4.2, 1.2], [5.7, 2.9, 4.2, 1.3], [6.2, 2.9, 4.3, 1.3], [5.1, 2.5, 3.0, 1.1], [5.7, 2.8, 4.1, 1.3], [6.3, 3.3, 6.0, 2.5], [5.8, 2.7, 5.1, 1.9], [7.1, 3.0, 5.9, 2.1], [6.3, 2.9, 5.6, 1.8], [6.5, 3.0, 5.8, 2.2], [7.6, 3.0, 6.6, 2.1], [4.9, 2.5, 4.5, 1.7], [7.3, 2.9, 6.3, 1.8], [6.7, 2.5, 5.8, 1.8], [7.2, 3.6, 6.1, 2.5], [6.5, 3.2, 5.1, 2.0], [6.4, 2.7, 5.3, 1.9], [6.8, 3.0, 5.5, 2.1], [5.7, 2.5, 5.0, 2.0], [5.8, 2.8, 5.1, 2.4], [6.4, 3.2, 5.3, 2.3], [6.5, 3.0, 5.5, 1.8], [7.7, 3.8, 6.7, 2.2], [7.7, 2.6, 6.9, 2.3], [6.0, 2.2, 5.0, 1.5], [6.9, 3.2, 5.7, 2.3], [5.6, 2.8, 4.9, 2.0], [7.7, 2.8, 6.7, 2.0], [6.3, 2.7, 4.9, 1.8], [6.7, 3.3, 5.7, 2.1], [7.2, 3.2, 6.0, 1.8], [6.2, 2.8, 4.8, 1.8], [6.1, 3.0, 4.9, 1.8], [6.4, 2.8, 5.6, 2.1], [7.2, 3.0, 5.8, 1.6], [7.4, 2.8, 6.1, 1.9], [7.9, 3.8, 6.4, 2.0], [6.4, 2.8, 5.6, 2.2], [6.3, 2.8, 5.1, 1.5], [6.1, 2.6, 5.6, 1.4], [7.7, 3.0, 6.1, 2.3], [6.3, 3.4, 5.6, 2.4], [6.4, 3.1, 5.5, 1.8], [6.0, 3.0, 4.8, 1.8], [6.9, 3.1, 5.4, 2.1], [6.7, 3.1, 5.6, 2.4], [6.9, 3.1, 5.1, 2.3], [5.8, 2.7, 5.1, 1.9], [6.8, 3.2, 5.9, 2.3], [6.7, 3.3, 5.7, 2.5], [6.7, 3.0, 5.2, 2.3], [6.3, 2.5, 5.0, 1.9], [6.5, 3.0, 5.2, 2.0], [6.2, 3.4, 5.4, 2.3], [5.9, 3.0, 5.1, 1.8]]
[0.05160608805388339, 0.06725076032586766, 0.05667910800046285]
[0.0512365117104366, 0.03983715182421785, 0.06073478191385153]
[0.041147245820442074, 0.08385529086494568, 0.09061523617183068]
[0.036055812479895234, 0.07444757050870356, 0.04973310169065071]
[0.0534144248065458, 0.08703579863886671, 0.006679669957331052]
[0.008192951303666046, 0.0019011784352012378, 0.07829299526574265]
[0.07317171593241183, 0.08180907213303391, 0.09202154097705492]
[0.07514656060548494, 0.0433938750286808, 0.07339480007656275]
[0.011121593022468587, 0.06017311953485073, 0.013479811119634094]
[0.08882920512371936, 0.04907049525984637, 0.03899153434566142]
[0.024876720626809356, 0.07280282220700632, 0.04289277512619771]
[0.05345103975797339, 0.001766844454253527, 0.05807756481794324]
[0.05755664818408261, 0.058011601278617465, 0.08874261673954426]
[0.06411299674783312, 0.033805284017818855, 0.04109503379333047]
[0.06559972863008466, 0.0056631277651621416, 0.06269747661537915]
[0.06306148938413605, 0.01978271470013946, 0.012123210929807216]
[0.029660391254950312, 0.03420048875819266, 0.053616801575862176]
[0.041242622789581254, 0.09293887076764325, 0.009595488178078718]
[0.01964112069091322, 0.015168273237323534, 0.06141314947883443]
[0.023817542116653483, 0.04384818272927125, 0.022983852498512217]
[0.014948244299371756, 0.010378806667700404, 0.06171605170779337]
[0.012993633545479165, 0.01848505292618419, 0.03467200331013118]
[0.07719972013805472, 0.009130637188885037, 0.07879372204079876]
[0.009036335411073591, 0.09181853721150801, 0.0440682581709801]
[0.09184689947321795, 0.05687489634929446, 0.06951450921023575]
[0.0036849105265120514, 0.026592933498411412, 0.011302335451574783]
[0.027846685623183928, 0.0111642171246588, 0.0299006271493501]
[0.03895402066349385, 0.006031923998447933, 0.06511460981069575]
[0.05327872643074566, 0.024955132007484147, 0.049202114977115]
[0.008833423804872141, 0.054157460323595925, 0.08738367597931364]
[0.02995570862194644, 0.06275800174378085, 0.012393230202760008]
[0.0673577536022693, 0.027213463606648728, 0.017225869062620577]
[0.05515104483026503, 0.001890754858752037, 0.07794697439668817]
[0.0004415255020393685, 0.06373651455725952, 0.02538941760742576]
[0.06913184018039668, 0.09047661259870143, 0.023390781269608075]
[0.05417728594519966, 0.05567094799630076, 0.053810050277401794]
[0.02097683510859877, 0.08958899340076514, 0.04204413975776149]
[0.07958958766236875, 0.06577350742208007, 0.027968622066451995]
[0.07652312058849356, 0.03728426875357899, 0.08285198678474585]
[0.054658310762980375, 0.08291143056518134, 0.06512020196642554]
[0.06819718530611156, 0.047140586031742426, 0.08990255503431865]
[0.060555752891392915, 0.03985598167947592, 0.05702042930726975]
[0.0018047768046871426, 0.028357714292324403, 0.062077506225507686]
[0.027276607505168658, 0.058113290615742816, 0.04031802274800899]
[0.012738911191600387, 0.028048114465205422, 0.05359499931905518]
[0.055561008479945044, 0.054005011085923794, 0.06142184692102603]
[0.06131864199972164, 0.04056718285492934, 0.0843041620492381]
[0.034562615706798715, 0.040985295645778894, 0.08386942898975952]
[0.07580811639928811, 0.06618812394805365, 0.009424545013910938]
[0.08646088405143551, 0.0671616116084719, 0.09392368482996563]
[0.014052938410759873, 0.08163171904084068, 0.015279552407211478]
[0.05788236049134966, 0.011643053408913152, 0.07973999735731009]
[0.07591389966426448, 0.05351373940019505, 0.03828830183722688]
[0.006503918056566407, 0.06558069439008613, 0.04264757235561452]
[0.06789640666531543, 0.08146775230611276, 0.09173033885897658]
[0.08047298823421298, 0.0011014999732985185, 0.03384949451862791]
[0.06864254792088427, 0.016138699529132525, 0.04899416793983904]
[0.0051095153286857655, 0.01880609387417887, 0.0017416432886770742]
[0.07463306437345252, 0.02105610938285623, 0.032474144889046035]
[0.08726943599057213, 0.06623756775653841, 0.002993881508337743]
[0.01548653792476073, 0.058438921203423144, 0.054278018229431485]
[0.022369562336544396, 0.08784610708934301, 0.05773251014949232]
[0.050366679026022626, 0.05547047579144406, 0.06865491004811713]
[0.029332844016207664, 0.037445564029627044, 0.01973204906525257]
[0.017508119949159018, 0.08880132206007241, 0.06954151670197778]
[0.04611887332071298, 0.021384275773007506, 0.02391767495039099]
[0.005456603993773815, 0.04084910897817848, 0.0293188225615466]
[0.06547864282202072, 0.03552079994668947, 0.01688851154830762]
[0.0023205927356145396, 0.006323624287756564, 0.06388473140956451]
[0.042662068521238126, 0.05045567176865036, 0.08431588758821257]
[0.09312365413171812, 0.020395279626668313, 0.062350638041745274]
[0.024760756911431148, 0.0019418569135103098, 0.07131193986297407]
[0.03009188576067562, 0.036057916480751365, 0.05532069555211661]
[0.07814523412973788, 0.05914448564472107, 0.08205717651448471]
[0.025721732854815958, 0.07504202226676315, 0.01745573827769253]
[0.08959300344258807, 0.06464596857292396, 0.020264640140638567]